3 0.3048128342245989 0.7189695550351288 0.6096256684491979 0.5620608899297423
0 0.12834224598930483 0.19320843091334894 0.17201426024955438 0.09718969555035128
11 0.49376114081996436 0.13700234192037472 0.3324420677361854 0.27400468384074944
4 0.20053475935828877 0.3840749414519906 0.0855614973262032 0.18266978922716628
0 0.7976827094474154 0.20140515222482436 0.1622103386809269 0.09836065573770492
8 0.6301247771836007 0.3126463700234192 0.044563279857397504 0.040983606557377046
9 0.5 0.5362997658079626 1 0.6100702576112412
0 0.9830659536541889 0.18149882903981265 0.0338680926916221 0.3629976580796253
0 0.0677361853832442 0.32435597189695553 0.1354723707664884 0.16159250585480095
0 0.8939393939393939 0.4648711943793911 0.21212121212121213 0.17681498829039813
0 0.9447415329768271 0.43208430913348944 0.10962566844919786 0.20023419203747073