3 0.27540106951871657 0.7037470725995316 0.5499108734402852 0.5925058548009368
0 0.11853832442067737 0.1873536299765808 0.15418894830659535 0.08782201405152225
11 0.446524064171123 0.12997658079625293 0.2976827094474153 0.25995316159250587
4 0.1836007130124777 0.3583138173302108 0.0766488413547237 0.16393442622950818
0 0.7183600713012478 0.19437939110070257 0.14527629233511585 0.08782201405152225
8 0.5677361853832442 0.2939110070257611 0.040106951871657755 0.03629976580796253
9 0.5 0.4953161592505855 1 0.5468384074941453
0 0.9340463458110517 0.17681498829039813 0.1319073083778966 0.3255269320843091
0 0.062388591800356503 0.3044496487119438 0.12477718360071301 0.1451990632318501
0 0.8163992869875223 0.43208430913348944 0.21122994652406418 0.15807962529274006
0 0.9001782531194296 0.40046838407494145 0.19875222816399288 0.1791569086651054