12 0.32174688057041 0.10304449648711944 0.64349376114082 0.20608899297423888
11 0.6105169340463458 0.3325526932084309 0.28342245989304815 0.373536299765808
3 0.01693404634581105 0.45433255269320844 0.0338680926916221 0.3957845433255269
11 0.2700534759358289 0.25878220140515223 0.10249554367201426 0.22365339578454332
11 0.1800356506238859 0.24941451990632318 0.05080213903743316 0.1592505854800937
6 0.4732620320855615 0.6381733021077284 0.27450980392156865 0.18969555035128804
8 0.49376114081996436 0.7482435597189696 0.09982174688057041 0.09601873536299765
1 0.19607843137254902 0.4063231850117096 0.0427807486631016 0.11943793911007025
8 0.06951871657754011 0.5386416861826698 0.06149732620320856 0.04918032786885246
9 0.5240641711229946 0.6592505854800936 0.9518716577540107 0.6814988290398126
0 0.7825311942959001 0.8840749414519906 0.3672014260249554 0.23185011709601874