2 0.5409982174688057 0.5 0.9180035650623886 1
4 0.5606060606060606 0.3395784543325527 0.08288770053475936 0.08079625292740047
4 0.6221033868092691 0.34543325526932084 0.044563279857397504 0.06791569086651054
4 0.5276292335115864 0.13348946135831383 0.049019607843137254 0.11826697892271663
4 0.8787878787878788 0.3548009367681499 0.06862745098039216 0.08196721311475409
4 0.9224598930481284 0.36416861826697894 0.04188948306595366 0.05737704918032787
4 0.8110516934046346 0.6288056206088993 0.053475935828877004 0.14168618266978922
4 0.8636363636363636 0.6030444964871194 0.045454545454545456 0.20960187353629978
4 0.9090909090909091 0.629976580796253 0.04634581105169341 0.16042154566744732
4 0.9527629233511586 0.6206088992974239 0.05169340463458111 0.1791569086651054
4 0.9910873440285205 0.6112412177985949 0.017825311942959002 0.1873536299765808
4 0.6060606060606061 0.6451990632318502 0.049910873440285206 0.1053864168618267