2 0.5115864527629234 0.5 0.9759358288770054 1
4 0.535650623885918 0.3430913348946136 0.08823529411764706 0.08548009367681499
4 0.6007130124777184 0.34894613583138173 0.04723707664884135 0.07142857142857142
4 0.5 0.12295081967213115 0.05258467023172905 0.1252927400468384
4 0.8743315508021391 0.3594847775175644 0.07397504456327986 0.08782201405152225
4 0.9206773618538324 0.36885245901639346 0.044563279857397504 0.06088992974238876
4 0.8021390374331551 0.6498829039812647 0.0570409982174688 0.14988290398126464
4 0.8582887700534759 0.6229508196721312 0.049019607843137254 0.2224824355971897
4 0.9073083778966132 0.6510538641686182 0.049910873440285206 0.16978922716627634
4 0.9536541889483066 0.6416861826697893 0.05525846702317291 0.19086651053864168
4 0.9928698752228164 0.6323185011709602 0.0142602495543672 0.19789227166276346
4 0.5828877005347594 0.667447306791569 0.053475935828877004 0.11241217798594848