12 0.32085561497326204 0.07494145199063232 0.6417112299465241 0.14988290398126464
11 0.606951871657754 0.27985948477751754 0.2905525846702317 0.3840749414519906
3 0.008912655971479501 0.40398126463700235 0.017825311942959002 0.405152224824356
11 0.25846702317290554 0.20374707259953162 0.10427807486631016 0.22950819672131148
11 0.16755793226381463 0.19437939110070257 0.05258467023172905 0.16276346604215455
6 0.4661319073083779 0.5936768149882904 0.2807486631016043 0.19437939110070257
8 0.4875222816399287 0.7060889929742389 0.10249554367201426 0.09836065573770492
1 0.1836007130124777 0.3548009367681499 0.04367201426024955 0.12177985948477751
8 0.053475935828877004 0.4918032786885246 0.06327985739750445 0.05035128805620609
9 0.516042780748663 0.6323185011709602 0.9670231729055259 0.734192037470726
0 0.7825311942959001 0.8629976580796253 0.3761140819964349 0.2728337236533958