12 0.3315508021390374 0.0936768149882904 0.6622103386809269 0.1873536299765808
11 0.6301247771836007 0.31030444964871196 0.27629233511586454 0.36533957845433257
3 0.0338680926916221 0.4274004683840749 0.0677361853832442 0.3864168618266979
11 0.2976827094474153 0.23770491803278687 0.09982174688057041 0.21779859484777517
11 0.21122994652406418 0.22950819672131148 0.049910873440285206 0.1557377049180328
6 0.49554367201426025 0.607728337236534 0.26737967914438504 0.18501170960187355
8 0.516042780748663 0.7154566744730679 0.09803921568627451 0.0936768149882904
1 0.22638146167557932 0.38173302107728335 0.040998217468805706 0.11592505854800937
8 0.10249554367201426 0.5117096018735363 0.059714795008912656 0.04800936768149883
9 0.5409982174688057 0.6463700234192038 0.9180035650623886 0.702576112412178
0 0.7967914438502673 0.8676814988290398 0.3582887700534759 0.2646370023419204