2 0.5508021390374331 0.5 0.8983957219251337 1
4 0.5980392156862745 0.32435597189695553 0.0855614973262032 0.08313817330210772
4 0.661319073083779 0.33021077283372363 0.045454545454545456 0.0702576112412178
4 0.5632798573975044 0.11007025761124122 0.05080213903743316 0.12295081967213115
4 0.9260249554367201 0.3395784543325527 0.07130124777183601 0.08548009367681499
4 0.9714795008912656 0.34894613583138173 0.04367201426024955 0.0585480093676815
4 0.85650623885918 0.6229508196721312 0.05614973262032086 0.14637002341920374
4 0.910873440285205 0.5971896955503513 0.04723707664884135 0.21662763466042154
4 0.9581105169340464 0.6241217798594848 0.0481283422459893 0.16627634660421545
4 0.9875222816399287 0.6147540983606558 0.024955436720142603 0.1873536299765808
4 0.6443850267379679 0.6405152224824356 0.05169340463458111 0.10889929742388758