3 0.27450980392156865 0.7060889929742389 0.5490196078431373 0.5878220140515222
0 0.1140819964349376 0.19086651053864168 0.15508021390374332 0.08782201405152225
11 0.4447415329768271 0.1323185011709602 0.3003565062388592 0.2646370023419204
4 0.17914438502673796 0.3618266978922717 0.07754010695187166 0.16393442622950818
0 0.7183600713012478 0.19789227166276346 0.14616755793226383 0.08899297423887588
8 0.5668449197860963 0.29859484777517564 0.040106951871657755 0.03629976580796253
9 0.5 0.5 1 0.5491803278688525
0 0.9349376114081996 0.18032786885245902 0.13012477718360071 0.32669789227166274
0 0.06060606060606061 0.3091334894613583 0.12121212121212122 0.14402810304449648
0 0.8163992869875223 0.43559718969555034 0.21301247771836007 0.15807962529274006
0 0.9001782531194296 0.40398126463700235 0.19964349376114082 0.18032786885245902